origin:
    lat: -30.048638
    lon: -51.236690
home:
    lat: -30.047358
    lon: -51.233064
measurements:
    file_name: versuch7.json
    start:
        lat: -30.047407
        lon: -51.234420
    width: 15
    height: 9
    dist: 2
