origin:
    lat: -30.048638
    lon: -51.236690
home:
    lat: -30.047358
    lon: -51.233064
measurements:
    file_name: versuch3.json
    start:
        lat: -30.047050
        lon: -51.234850
    width: 16
    height: 20
    dist: 4
